<?xml version="1.0" encoding="UTF-8" standalone="no"?>
<!DOCTYPE svg PUBLIC "-//W3C//DTD SVG 20010904//EN"
              "http://www.w3.org/TR/2001/REC-SVG-20010904/DTD/svg10.dtd">

<svg xmlns="http://www.w3.org/2000/svg"
     width="27.0001in" height="22.6334in"
     viewBox="0 0 8100 6790">
  <path id="Selection"
        fill="none" stroke="black" stroke-width="1"
        d="M 7771.96,5477.00
           C 7771.96,5477.00 7743.00,5505.00 7743.00,5505.00
             7736.24,5511.75 7723.34,5524.03 7718.04,5531.00
             7718.04,5531.00 7703.58,5553.00 7703.58,5553.00
             7703.58,5553.00 7666.80,5597.00 7666.80,5597.00
             7663.70,5600.86 7660.68,5604.79 7658.06,5609.00
             7654.55,5614.66 7654.68,5615.98 7649.98,5622.00
             7649.98,5622.00 7620.00,5653.00 7620.00,5653.00
             7620.00,5653.00 7578.00,5694.70 7578.00,5694.70
             7568.57,5702.74 7565.18,5700.49 7559.01,5705.39
             7559.01,5705.39 7545.00,5719.58 7545.00,5719.58
             7545.00,5719.58 7496.00,5761.17 7496.00,5761.17
             7496.00,5761.17 7467.04,5789.00 7467.04,5789.00
             7467.04,5789.00 7443.00,5813.83 7443.00,5813.83
             7443.00,5813.83 7397.00,5851.09 7397.00,5851.09
             7397.00,5851.09 7370.00,5878.71 7370.00,5878.71
             7370.00,5878.71 7312.00,5920.44 7312.00,5920.44
             7312.00,5920.44 7281.00,5951.56 7281.00,5951.56
             7281.00,5951.56 7225.00,5991.67 7225.00,5991.67
             7219.02,5996.42 7216.78,5999.82 7211.83,6004.91
             7211.83,6004.91 7203.00,6012.58 7203.00,6012.58
             7203.00,6012.58 7080.00,6110.80 7080.00,6110.80
             7080.00,6110.80 7043.00,6140.42 7043.00,6140.42
             7043.00,6140.42 7009.00,6167.58 7009.00,6167.58
             7009.00,6167.58 6952.00,6206.42 6952.00,6206.42
             6952.00,6206.42 6884.00,6261.21 6884.00,6261.21
             6884.00,6261.21 6853.00,6285.14 6853.00,6285.14
             6853.00,6285.14 6805.00,6309.43 6805.00,6309.43
             6789.55,6318.27 6793.79,6319.89 6785.96,6326.67
             6783.29,6328.99 6776.31,6332.98 6773.00,6334.63
             6773.00,6334.63 6707.00,6363.42 6707.00,6363.42
             6707.00,6363.42 6692.00,6370.26 6692.00,6370.26
             6692.00,6370.26 6682.00,6375.29 6682.00,6375.29
             6682.00,6375.29 6647.00,6384.71 6647.00,6384.71
             6647.00,6384.71 6632.00,6392.22 6632.00,6392.22
             6621.30,6397.28 6606.20,6403.95 6595.00,6407.28
             6595.00,6407.28 6547.00,6415.43 6547.00,6415.43
             6529.58,6420.32 6523.17,6429.26 6511.00,6432.24
             6505.25,6433.64 6502.33,6431.51 6497.00,6431.21
             6494.59,6431.07 6489.57,6431.88 6487.00,6432.27
             6487.00,6432.27 6423.00,6446.37 6423.00,6446.37
             6423.00,6446.37 6364.00,6463.12 6364.00,6463.12
             6364.00,6463.12 6323.00,6471.42 6323.00,6471.42
             6323.00,6471.42 6267.00,6484.40 6267.00,6484.40
             6252.84,6487.23 6215.62,6495.98 6204.00,6496.00
             6204.00,6496.00 6181.00,6496.00 6181.00,6496.00
             6149.59,6496.05 6102.50,6516.87 6077.00,6520.42
             6068.28,6521.82 6069.49,6517.86 6055.00,6520.42
             6055.00,6520.42 6028.00,6527.29 6028.00,6527.29
             6028.00,6527.29 5994.00,6535.74 5994.00,6535.74
             5994.00,6535.74 5943.00,6542.16 5943.00,6542.16
             5943.00,6542.16 5888.00,6550.42 5888.00,6550.42
             5888.00,6550.42 5854.00,6560.55 5854.00,6560.55
             5854.00,6560.55 5807.00,6568.25 5807.00,6568.25
             5807.00,6568.25 5771.00,6575.58 5771.00,6575.58
             5771.00,6575.58 5729.00,6582.25 5729.00,6582.25
             5729.00,6582.25 5649.00,6601.65 5649.00,6601.65
             5637.50,6604.29 5623.72,6607.98 5612.00,6608.00
             5612.00,6608.00 5597.00,6608.00 5597.00,6608.00
             5587.10,6608.12 5581.05,6611.82 5572.00,6614.92
             5572.00,6614.92 5542.00,6622.79 5542.00,6622.79
             5542.00,6622.79 5456.00,6637.25 5456.00,6637.25
             5456.00,6637.25 5435.00,6641.00 5435.00,6641.00
             5422.05,6643.64 5408.22,6647.98 5395.00,6648.00
             5395.00,6648.00 5379.00,6648.00 5379.00,6648.00
             5379.00,6648.00 5353.00,6651.59 5353.00,6651.59
             5353.00,6651.59 5299.00,6662.00 5299.00,6662.00
             5284.91,6664.82 5249.71,6671.98 5237.00,6672.00
             5237.00,6672.00 5204.00,6672.00 5204.00,6672.00
             5192.47,6672.14 5183.02,6677.40 5172.00,6679.38
             5157.19,6682.05 5153.73,6680.02 5141.00,6680.00
             5141.00,6680.00 5108.00,6680.00 5108.00,6680.00
             5108.00,6680.00 5093.00,6679.00 5093.00,6679.00
             5093.00,6679.00 5079.00,6680.04 5079.00,6680.04
             5079.00,6680.04 5071.00,6680.04 5071.00,6680.04
             5071.00,6680.04 5035.00,6687.71 5035.00,6687.71
             5035.00,6687.71 5014.00,6689.00 5014.00,6689.00
             5014.00,6689.00 5000.00,6688.00 5000.00,6688.00
             5000.00,6688.00 4932.00,6688.00 4932.00,6688.00
             4932.00,6688.00 4919.00,6687.04 4919.00,6687.04
             4919.00,6687.04 4903.00,6688.17 4903.00,6688.17
             4903.00,6688.17 4859.00,6695.85 4859.00,6695.85
             4844.89,6697.46 4844.72,6696.02 4833.00,6695.85
             4833.00,6695.85 4553.00,6695.85 4553.00,6695.85
             4540.08,6696.02 4541.80,6698.05 4526.00,6695.85
             4526.00,6695.85 4505.00,6689.50 4505.00,6689.50
             4500.16,6688.39 4482.22,6687.03 4477.00,6687.00
             4477.00,6687.00 4456.00,6688.00 4456.00,6688.00
             4456.00,6688.00 4329.00,6688.00 4329.00,6688.00
             4329.00,6688.00 4315.00,6688.90 4315.00,6688.90
             4315.00,6688.90 4228.00,6679.10 4228.00,6679.10
             4228.00,6679.10 4214.00,6680.00 4214.00,6680.00
             4214.00,6680.00 3824.00,6680.00 3824.00,6680.00
             3824.00,6680.00 3649.00,6680.00 3649.00,6680.00
             3649.00,6680.00 3639.00,6680.95 3639.00,6680.95
             3639.00,6680.95 3627.00,6680.95 3627.00,6680.95
             3627.00,6680.95 3612.00,6680.00 3612.00,6680.00
             3612.00,6680.00 3608.00,6680.00 3608.00,6680.00
             3608.00,6680.00 3598.00,6679.08 3598.00,6679.08
             3598.00,6679.08 3546.00,6672.17 3546.00,6672.17
             3546.00,6672.17 3532.00,6671.18 3532.00,6671.18
             3532.00,6671.18 3520.00,6672.00 3520.00,6672.00
             3520.00,6672.00 3490.00,6672.00 3490.00,6672.00
             3490.00,6672.00 3467.00,6673.00 3467.00,6673.00
             3467.00,6673.00 3455.00,6672.09 3455.00,6672.09
             3445.20,6671.42 3443.49,6672.01 3433.00,6669.79
             3422.00,6667.46 3413.50,6664.02 3402.00,6664.00
             3402.00,6664.00 3379.00,6664.00 3379.00,6664.00
             3379.00,6664.00 3339.00,6655.28 3339.00,6655.28
             3339.00,6655.28 3269.00,6648.00 3269.00,6648.00
             3269.00,6648.00 3240.00,6648.00 3240.00,6648.00
             3240.00,6648.00 3213.00,6645.15 3213.00,6645.15
             3213.00,6645.15 3169.00,6638.79 3169.00,6638.79
             3169.00,6638.79 3151.00,6633.88 3151.00,6633.88
             3151.00,6633.88 3123.00,6627.42 3123.00,6627.42
             3123.00,6627.42 3039.00,6615.92 3039.00,6615.92
             3039.00,6615.92 3010.00,6608.23 3010.00,6608.23
             3010.00,6608.23 2989.00,6608.23 2989.00,6608.23
             2975.32,6607.98 2966.67,6602.70 2954.00,6600.23
             2954.00,6600.23 2931.00,6600.23 2931.00,6600.23
             2922.14,6599.89 2900.83,6593.96 2892.00,6590.92
             2880.76,6587.05 2878.76,6584.02 2866.00,6584.00
             2866.00,6584.00 2846.00,6584.00 2846.00,6584.00
             2829.84,6583.97 2830.26,6579.29 2818.00,6576.67
             2812.59,6575.51 2795.58,6576.01 2789.00,6576.00
             2772.58,6575.97 2757.58,6566.02 2742.00,6561.44
             2733.66,6558.98 2717.35,6560.11 2708.00,6560.00
             2691.90,6559.81 2691.57,6552.03 2673.00,6552.00
             2673.00,6552.00 2651.00,6552.00 2651.00,6552.00
             2639.31,6551.98 2600.98,6546.18 2589.00,6543.35
             2589.00,6543.35 2568.00,6536.33 2568.00,6536.33
             2562.50,6535.36 2554.67,6536.82 2549.00,6535.21
             2539.75,6532.59 2537.51,6528.02 2522.00,6528.00
             2522.00,6528.00 2485.00,6528.00 2485.00,6528.00
             2465.67,6527.91 2472.77,6520.03 2456.00,6520.00
             2456.00,6520.00 2330.00,6520.00 2330.00,6520.00
             2330.00,6520.00 2319.00,6519.04 2319.00,6519.04
             2319.00,6519.04 2302.00,6520.29 2302.00,6520.29
             2302.00,6520.29 2266.00,6528.04 2266.00,6528.04
             2251.35,6529.69 2254.96,6528.02 2243.00,6528.04
             2243.00,6528.04 2112.00,6528.04 2112.00,6528.04
             2100.66,6527.98 2099.18,6526.11 2086.00,6528.04
             2086.00,6528.04 2058.00,6535.94 2058.00,6535.94
             2042.01,6538.06 2044.02,6536.02 2031.00,6535.94
             2031.00,6535.94 1523.00,6535.94 1523.00,6535.94
             1523.00,6535.94 1312.00,6535.94 1312.00,6535.94
             1312.00,6535.94 1280.00,6535.94 1280.00,6535.94
             1280.00,6535.94 1259.00,6535.00 1259.00,6535.00
             1259.00,6535.00 1245.00,6536.00 1245.00,6536.00
             1245.00,6536.00 1241.00,6536.00 1241.00,6536.00
             1241.00,6536.00 1231.00,6536.92 1231.00,6536.92
             1231.00,6536.92 1179.00,6543.83 1179.00,6543.83
             1179.00,6543.83 1162.00,6544.96 1162.00,6544.96
             1162.00,6544.96 1149.00,6544.00 1149.00,6544.00
             1149.00,6544.00 680.00,6544.00 680.00,6544.00
             680.00,6544.00 590.00,6544.00 590.00,6544.00
             576.25,6543.98 573.47,6538.85 561.00,6536.23
             551.85,6534.70 540.62,6535.89 531.00,6536.23
             522.67,6536.10 519.97,6538.21 511.00,6535.48
             504.51,6533.51 503.04,6529.84 492.00,6527.24
             492.00,6527.24 444.00,6519.12 444.00,6519.12
             444.00,6519.12 427.00,6513.03 427.00,6513.03
             416.36,6509.66 389.82,6504.02 379.00,6504.00
             373.30,6503.99 362.04,6504.41 357.00,6503.33
             342.06,6500.14 345.67,6496.03 326.00,6496.00
             311.69,6495.98 308.78,6490.34 297.00,6488.11
             284.31,6486.15 284.30,6487.88 274.00,6488.11
             274.00,6488.11 261.00,6488.11 261.00,6488.11
             261.00,6488.11 247.00,6488.82 247.00,6488.82
             231.78,6487.74 223.10,6482.78 210.00,6480.23
             210.00,6480.23 187.00,6480.23 187.00,6480.23
             173.12,6479.83 161.63,6472.02 146.00,6471.77
             146.00,6471.77 125.00,6471.77 125.00,6471.77
             112.33,6469.30 103.68,6464.02 90.00,6464.00
             68.41,6463.97 63.27,6463.34 42.00,6460.27
             42.00,6460.27 12.00,6455.10 12.00,6455.10
             9.36,6454.43 2.57,6452.43 0.99,6450.30
             -0.26,6448.62 0.00,6445.06 0.00,6443.00
             0.00,6443.00 0.00,5923.00 0.00,5923.00
             0.00,5923.00 0.00,4882.00 0.00,4882.00
             0.00,4882.00 0.00,1759.00 0.00,1759.00
             0.00,1759.00 0.00,576.00 0.00,576.00
             0.02,565.40 3.36,565.05 10.08,557.00
             10.08,557.00 26.00,537.00 26.00,537.00
             26.00,537.00 43.09,516.01 43.09,516.01
             43.09,516.01 54.61,505.00 54.61,505.00
             59.59,498.72 59.75,492.04 65.10,487.39
             65.10,487.39 85.00,476.58 85.00,476.58
             85.00,476.58 123.00,450.95 123.00,450.95
             134.51,443.65 161.66,425.90 173.00,421.46
             173.00,421.46 193.00,415.58 193.00,415.58
             193.00,415.58 238.00,400.57 238.00,400.57
             251.95,394.61 257.30,387.09 263.00,384.85
             266.25,383.57 268.92,384.35 273.00,383.48
             273.00,383.48 292.00,377.33 292.00,377.33
             292.00,377.33 365.00,352.72 365.00,352.72
             365.00,352.72 400.00,343.85 400.00,343.85
             400.00,343.85 421.00,336.72 421.00,336.72
             436.09,332.22 459.34,327.65 475.00,327.04
             475.00,327.04 486.00,327.96 486.00,327.96
             486.00,327.96 498.00,327.96 498.00,327.96
             512.38,327.93 523.88,320.03 541.00,320.00
             541.00,320.00 561.00,320.00 561.00,320.00
             577.13,319.97 576.71,315.31 589.00,312.67
             602.43,309.78 605.17,311.98 617.00,312.00
             617.00,312.00 802.00,312.00 802.00,312.00
             802.00,312.00 905.00,312.00 905.00,312.00
             905.00,312.00 917.00,311.10 917.00,311.10
             917.00,311.10 977.00,318.15 977.00,318.15
             977.00,318.15 1005.00,320.68 1005.00,320.68
             1005.00,320.68 1015.00,320.00 1015.00,320.00
             1015.00,320.00 1400.00,320.00 1400.00,320.00
             1400.00,320.00 1416.00,321.00 1416.00,321.00
             1416.00,321.00 1442.00,319.71 1442.00,319.71
             1454.88,318.13 1460.17,314.07 1469.00,312.15
             1482.82,309.95 1485.07,311.98 1497.00,312.15
             1497.00,312.15 1592.00,312.15 1592.00,312.15
             1592.00,312.15 1607.00,313.00 1607.00,313.00
             1614.45,313.08 1634.16,312.07 1641.00,310.50
             1641.00,310.50 1662.00,304.07 1662.00,304.07
             1677.80,301.95 1676.08,303.98 1689.00,304.07
             1689.00,304.07 1922.00,304.07 1922.00,304.07
             1922.00,304.07 1966.00,304.07 1966.00,304.07
             1966.00,304.07 1989.00,305.00 1989.00,305.00
             1989.00,305.00 2003.00,304.00 2003.00,304.00
             2003.00,304.00 2007.00,304.00 2007.00,304.00
             2020.39,303.84 2038.57,298.54 2052.00,296.11
             2064.46,294.49 2066.25,295.98 2077.00,296.11
             2077.00,296.11 2153.00,296.11 2153.00,296.11
             2153.00,296.11 2169.00,296.11 2169.00,296.11
             2169.00,296.11 2181.00,296.82 2181.00,296.82
             2181.00,296.82 2202.00,294.73 2202.00,294.73
             2202.00,294.73 2251.00,288.00 2251.00,288.00
             2251.00,288.00 2285.00,288.00 2285.00,288.00
             2295.89,287.98 2342.43,281.88 2354.00,279.55
             2366.10,277.12 2376.54,272.02 2389.00,272.00
             2389.00,272.00 2413.00,272.00 2413.00,272.00
             2413.00,272.00 2454.00,268.16 2454.00,268.16
             2469.65,266.49 2485.65,264.98 2501.00,261.35
             2517.83,257.36 2540.19,248.03 2557.00,248.00
             2557.00,248.00 2579.00,248.00 2579.00,248.00
             2591.94,247.98 2614.74,243.26 2628.00,240.60
             2641.52,237.89 2655.67,232.02 2669.00,232.00
             2669.00,232.00 2692.00,232.00 2692.00,232.00
             2692.00,232.00 2740.00,224.00 2740.00,224.00
             2740.00,224.00 2764.00,224.00 2764.00,224.00
             2778.32,223.83 2787.43,216.03 2805.00,216.00
             2805.00,216.00 2830.00,217.00 2830.00,217.00
             2848.20,216.78 2864.89,206.27 2882.00,201.43
             2898.51,196.75 2901.28,200.17 2916.00,200.00
             2926.09,199.88 2932.07,194.34 2945.00,191.80
             2945.00,191.80 2996.00,184.58 2996.00,184.58
             3011.81,181.72 3014.54,178.11 3022.00,176.52
             3022.00,176.52 3043.00,176.00 3043.00,176.00
             3056.98,175.83 3062.08,168.31 3075.00,168.01
             3075.00,168.01 3089.00,168.90 3089.00,168.90
             3094.84,168.63 3103.40,165.90 3109.00,164.00
             3118.53,160.75 3142.24,150.67 3151.00,151.32
             3151.00,151.32 3158.00,151.97 3158.00,151.97
             3166.64,151.97 3195.56,146.67 3205.00,144.58
             3219.16,141.43 3240.07,133.79 3254.00,128.58
             3263.73,124.94 3274.66,120.05 3285.00,120.00
             3285.00,120.00 3291.00,120.00 3291.00,120.00
             3308.54,119.79 3329.01,106.00 3346.00,100.33
             3346.00,100.33 3368.00,92.95 3368.00,92.95
             3374.53,90.56 3380.87,87.70 3388.00,88.31
             3391.25,88.27 3392.46,88.93 3396.00,88.31
             3404.12,87.60 3429.65,75.94 3439.00,72.20
             3444.72,69.91 3456.28,65.26 3462.00,64.16
             3462.00,64.16 3480.00,64.16 3480.00,64.16
             3498.81,63.97 3491.19,56.03 3510.00,56.00
             3510.00,56.00 3537.00,55.44 3537.00,55.44
             3541.37,54.30 3544.06,51.41 3548.00,49.54
             3551.77,47.75 3561.60,45.40 3566.00,44.42
             3592.75,38.52 3595.14,40.30 3621.00,40.00
             3638.03,39.80 3689.06,24.03 3709.00,24.00
             3724.23,23.98 3743.41,20.80 3758.00,16.28
             3770.21,12.49 3766.39,8.02 3782.00,8.00
             3782.00,8.00 3811.00,8.00 3811.00,8.00
             3811.00,8.00 3862.00,0.00 3862.00,0.00
             3862.00,0.00 4345.00,0.00 4345.00,0.00
             4347.62,0.00 4350.48,-0.11 4353.00,0.65
             4353.00,0.65 4390.00,22.55 4390.00,22.55
             4390.00,22.55 4407.00,31.11 4407.00,31.11
             4411.82,34.28 4420.51,43.51 4425.00,48.00
             4429.93,52.93 4438.04,60.36 4441.53,66.00
             4443.46,69.11 4446.67,75.49 4447.47,79.00
             4448.34,82.77 4447.57,85.00 4448.96,89.00
             4448.96,89.00 4456.55,105.00 4456.55,105.00
             4456.55,105.00 4464.29,128.00 4464.29,128.00
             4464.29,128.00 4481.74,162.00 4481.74,162.00
             4481.74,162.00 4497.05,198.00 4497.05,198.00
             4504.96,219.15 4515.67,238.84 4525.75,259.00
             4525.75,259.00 4543.69,295.00 4543.69,295.00
             4543.69,295.00 4566.96,326.00 4566.96,326.00
             4566.96,326.00 4577.45,346.00 4577.45,346.00
             4577.45,346.00 4601.69,387.00 4601.69,387.00
             4601.69,387.00 4612.33,420.00 4612.33,420.00
             4612.33,420.00 4631.57,478.00 4631.57,478.00
             4631.57,478.00 4640.42,513.00 4640.42,513.00
             4644.54,527.07 4657.65,555.90 4656.91,569.00
             4656.91,569.00 4656.01,582.00 4656.01,582.00
             4656.01,582.00 4662.58,623.00 4662.58,623.00
             4662.58,623.00 4669.42,666.00 4669.42,666.00
             4670.62,672.66 4671.64,679.56 4673.75,686.00
             4675.53,691.44 4678.45,696.24 4679.77,702.00
             4679.77,702.00 4679.77,722.00 4679.77,722.00
             4680.10,742.56 4695.97,760.81 4696.00,782.00
             4696.01,787.27 4695.62,797.31 4696.68,802.00
             4699.39,813.98 4703.98,814.84 4704.00,830.00
             4704.01,835.27 4703.62,845.31 4704.68,850.00
             4704.68,850.00 4711.77,870.00 4711.77,870.00
             4711.77,870.00 4711.77,891.00 4711.77,891.00
             4712.15,903.62 4724.35,928.98 4728.11,944.00
             4728.11,944.00 4736.43,985.00 4736.43,985.00
             4736.43,985.00 4746.00,1014.00 4746.00,1014.00
             4746.00,1014.00 4764.34,1068.00 4764.34,1068.00
             4764.34,1068.00 4773.98,1096.00 4773.98,1096.00
             4775.03,1099.41 4776.83,1106.57 4776.82,1110.00
             4776.80,1117.88 4774.04,1114.10 4776.13,1128.00
             4776.13,1128.00 4788.88,1180.00 4788.88,1180.00
             4788.88,1180.00 4806.42,1242.00 4806.42,1242.00
             4806.42,1242.00 4814.58,1272.00 4814.58,1272.00
             4814.58,1272.00 4822.42,1326.00 4822.42,1326.00
             4823.42,1332.40 4824.52,1338.88 4826.70,1345.00
             4829.15,1351.91 4831.80,1355.19 4831.90,1363.00
             4832.18,1370.81 4830.20,1373.92 4831.90,1382.00
             4831.90,1382.00 4847.90,1431.00 4847.90,1431.00
             4850.46,1443.55 4848.13,1445.24 4847.90,1456.00
             4847.81,1472.37 4853.10,1485.24 4855.78,1501.00
             4855.78,1501.00 4855.78,1524.00 4855.78,1524.00
             4856.13,1535.13 4861.55,1546.06 4863.85,1557.00
             4865.90,1570.03 4864.02,1569.75 4863.85,1581.00
             4863.85,1581.00 4863.85,1731.00 4863.85,1731.00
             4863.85,1731.00 4864.79,1744.00 4864.79,1744.00
             4863.90,1761.24 4859.00,1792.55 4855.74,1810.00
             4855.74,1810.00 4848.23,1838.00 4848.23,1838.00
             4848.23,1838.00 4848.23,1858.00 4848.23,1858.00
             4847.98,1872.98 4843.46,1873.95 4840.68,1886.00
             4838.41,1895.83 4839.99,1897.90 4840.00,1907.00
             4840.00,1907.00 4840.00,2037.00 4840.00,2037.00
             4839.99,2046.35 4838.00,2055.73 4840.57,2065.00
             4842.80,2073.10 4847.85,2071.86 4848.00,2084.00
             4848.00,2084.00 4848.00,2114.00 4848.00,2114.00
             4848.02,2128.89 4853.31,2131.50 4856.34,2145.00
             4856.34,2145.00 4863.45,2189.00 4863.45,2189.00
             4866.04,2201.91 4869.58,2205.32 4871.32,2213.00
             4872.45,2218.01 4871.94,2229.27 4872.00,2235.00
             4872.14,2246.31 4876.51,2250.21 4879.08,2260.00
             4880.58,2265.75 4879.93,2276.61 4880.00,2283.00
             4880.17,2297.03 4887.97,2300.50 4888.00,2317.00
             4888.01,2323.34 4887.51,2340.91 4888.68,2346.00
             4891.35,2357.65 4895.98,2357.40 4896.00,2373.00
             4896.00,2373.00 4896.00,2402.00 4896.00,2402.00
             4896.03,2419.57 4903.83,2428.68 4904.00,2443.00
             4904.00,2443.00 4904.00,2471.00 4904.00,2471.00
             4904.00,2471.00 4909.85,2525.00 4909.85,2525.00
             4909.85,2525.00 4919.27,2603.00 4919.27,2603.00
             4921.44,2617.70 4927.98,2630.64 4928.00,2645.00
             4928.00,2645.00 4928.00,2676.00 4928.00,2676.00
             4928.18,2690.51 4935.97,2692.66 4936.00,2710.00
             4936.00,2710.00 4936.00,2732.00 4936.00,2732.00
             4936.00,2732.00 4942.61,2784.00 4942.61,2784.00
             4946.37,2804.07 4949.90,2806.56 4951.48,2814.00
             4952.31,2817.88 4951.99,2828.45 4952.00,2833.00
             4952.02,2848.28 4958.30,2851.57 4959.91,2863.00
             4961.46,2875.33 4960.02,2887.58 4959.91,2900.00
             4959.91,2900.00 4959.32,2913.00 4959.32,2913.00
             4960.48,2928.44 4967.98,2942.00 4968.00,2957.00
             4968.00,2957.00 4968.00,2972.00 4968.00,2972.00
             4968.02,2981.87 4972.79,3014.37 4974.80,3025.00
             4977.78,3040.66 4982.74,3048.63 4983.84,3054.00
             4983.84,3054.00 4983.84,3081.00 4983.84,3081.00
             4984.02,3096.92 4988.98,3098.26 4991.48,3110.00
             4991.48,3110.00 4992.00,3132.00 4992.00,3132.00
             4992.17,3146.37 5000.10,3154.69 5000.00,3176.00
             4999.97,3182.57 4998.42,3188.36 4999.29,3195.00
             4999.29,3195.00 5016.34,3257.00 5016.34,3257.00
             5016.34,3257.00 5020.28,3286.00 5020.28,3286.00
             5020.28,3286.00 5026.21,3322.00 5026.21,3322.00
             5026.21,3322.00 5035.12,3357.00 5035.12,3357.00
             5035.12,3357.00 5055.29,3429.00 5055.29,3429.00
             5055.29,3429.00 5064.72,3466.00 5064.72,3466.00
             5070.34,3484.94 5077.06,3503.50 5080.58,3523.00
             5080.58,3523.00 5089.24,3589.00 5089.24,3589.00
             5089.24,3589.00 5096.62,3610.00 5096.62,3610.00
             5096.62,3610.00 5104.42,3641.00 5104.42,3641.00
             5104.42,3641.00 5119.85,3695.00 5119.85,3695.00
             5119.85,3695.00 5128.72,3730.00 5128.72,3730.00
             5128.72,3730.00 5141.33,3767.00 5141.33,3767.00
             5141.33,3767.00 5158.33,3818.00 5158.33,3818.00
             5158.33,3818.00 5167.45,3846.00 5167.45,3846.00
             5167.45,3846.00 5173.74,3859.00 5173.74,3859.00
             5177.57,3867.13 5174.70,3868.43 5177.60,3873.00
             5180.56,3877.67 5187.62,3881.65 5190.40,3886.00
             5192.89,3889.90 5191.24,3892.43 5193.02,3896.00
             5194.58,3899.11 5204.01,3908.14 5207.00,3910.70
             5207.00,3910.70 5255.00,3942.90 5255.00,3942.90
             5263.03,3949.01 5263.09,3951.37 5269.01,3956.83
             5275.25,3962.58 5286.52,3970.40 5294.00,3974.56
             5306.26,3981.38 5311.98,3978.70 5325.00,3986.45
             5325.00,3986.45 5344.00,3999.66 5344.00,3999.66
             5344.00,3999.66 5376.00,4021.02 5376.00,4021.02
             5376.00,4021.02 5414.00,4046.55 5414.00,4046.55
             5414.00,4046.55 5466.96,4073.78 5466.96,4073.78
             5472.58,4078.06 5472.28,4081.45 5481.00,4088.33
             5481.00,4088.33 5528.00,4119.67 5528.00,4119.67
             5528.00,4119.67 5546.00,4136.98 5546.00,4136.98
             5546.00,4136.98 5565.00,4149.43 5565.00,4149.43
             5565.00,4149.43 5599.00,4176.08 5599.00,4176.08
             5599.00,4176.08 5611.91,4187.09 5611.91,4187.09
             5615.76,4190.93 5618.49,4195.13 5623.00,4198.61
             5628.74,4203.04 5634.50,4202.24 5641.00,4204.55
             5648.16,4207.08 5655.98,4213.01 5662.00,4217.65
             5667.28,4221.72 5682.90,4234.12 5686.52,4238.58
             5690.92,4244.01 5686.38,4245.59 5692.09,4250.71
             5692.09,4250.71 5746.00,4283.69 5746.00,4283.69
             5761.97,4293.98 5762.23,4300.13 5772.00,4306.07
             5772.00,4306.07 5799.00,4319.25 5799.00,4319.25
             5799.00,4319.25 5834.00,4336.55 5834.00,4336.55
             5834.00,4336.55 5862.00,4346.48 5862.00,4346.48
             5862.00,4346.48 5903.00,4367.20 5903.00,4367.20
             5903.00,4367.20 5931.00,4385.13 5931.00,4385.13
             5931.00,4385.13 5975.00,4399.45 5975.00,4399.45
             5975.00,4399.45 6001.00,4411.58 6001.00,4411.58
             6001.00,4411.58 6058.00,4432.51 6058.00,4432.51
             6058.00,4432.51 6079.00,4439.57 6079.00,4439.57
             6079.00,4439.57 6120.00,4447.91 6120.00,4447.91
             6120.00,4447.91 6140.00,4457.31 6140.00,4457.31
             6140.00,4457.31 6182.00,4471.05 6182.00,4471.05
             6190.57,4474.23 6194.13,4478.06 6203.00,4480.57
             6203.00,4480.57 6238.00,4487.42 6238.00,4487.42
             6238.00,4487.42 6262.00,4495.76 6262.00,4495.76
             6275.63,4498.00 6280.07,4496.02 6292.00,4495.76
             6292.00,4495.76 6488.00,4495.76 6488.00,4495.76
             6494.49,4496.01 6498.44,4497.04 6505.00,4495.76
             6516.49,4492.80 6521.49,4488.02 6534.00,4488.00
             6534.00,4488.00 6987.00,4488.00 6987.00,4488.00
             6987.00,4488.00 7141.00,4488.00 7141.00,4488.00
             7141.00,4488.00 7195.00,4488.00 7195.00,4488.00
             7195.00,4488.00 7207.00,4487.18 7207.00,4487.18
             7237.21,4489.33 7270.12,4497.43 7300.00,4503.20
             7300.00,4503.20 7353.00,4512.13 7353.00,4512.13
             7353.00,4512.13 7377.00,4520.10 7377.00,4520.10
             7377.00,4520.10 7423.00,4527.66 7423.00,4527.66
             7423.00,4527.66 7460.00,4539.67 7460.00,4539.67
             7460.00,4539.67 7531.00,4563.33 7531.00,4563.33
             7531.00,4563.33 7566.99,4575.47 7566.99,4575.47
             7572.27,4577.84 7575.35,4582.84 7580.00,4586.22
             7580.00,4586.22 7604.00,4600.99 7604.00,4600.99
             7609.58,4604.27 7615.95,4608.14 7622.00,4610.30
             7622.00,4610.30 7640.00,4615.90 7640.00,4615.90
             7646.85,4619.04 7654.24,4625.75 7661.00,4629.94
             7669.84,4635.41 7676.78,4635.80 7686.00,4639.09
             7686.00,4639.09 7704.00,4647.74 7704.00,4647.74
             7715.60,4653.40 7719.95,4651.84 7720.00,4664.00
             7721.94,4664.01 7725.73,4663.74 7727.26,4664.99
             7729.72,4667.00 7728.01,4676.53 7728.00,4680.00
             7728.00,4680.00 7728.00,4738.00 7728.00,4738.00
             7728.00,4738.00 7727.17,4751.00 7727.17,4751.00
             7727.45,4754.36 7728.27,4761.05 7729.53,4764.00
             7731.62,4768.88 7734.90,4771.51 7736.16,4778.00
             7736.16,4778.00 7736.16,4800.00 7736.16,4800.00
             7736.16,4800.00 7744.00,4800.00 7744.00,4800.00
             7744.00,4803.14 7743.67,4812.55 7744.60,4814.96
             7745.76,4817.98 7749.30,4820.33 7751.47,4823.04
             7753.91,4826.07 7757.65,4833.28 7758.90,4837.00
             7760.64,4842.20 7759.36,4844.40 7760.96,4849.00
             7760.96,4849.00 7767.37,4863.00 7767.37,4863.00
             7768.37,4866.54 7767.56,4869.16 7769.02,4871.96
             7770.40,4874.61 7772.94,4876.05 7774.40,4878.17
             7776.66,4881.44 7775.42,4883.79 7777.02,4887.00
             7780.63,4894.21 7783.97,4890.60 7784.00,4903.00
             7784.01,4905.78 7783.73,4909.47 7785.02,4911.96
             7787.01,4915.78 7790.83,4916.60 7792.26,4922.00
             7792.26,4922.00 7791.65,4948.00 7791.65,4948.00
             7792.48,4954.77 7797.84,4955.29 7799.99,4961.01
             7801.33,4964.67 7799.95,4974.14 7799.99,4979.00
             7800.11,4988.14 7805.03,4996.26 7807.24,5005.00
             7808.24,5008.96 7807.99,5012.95 7808.00,5017.00
             7808.03,5033.13 7815.83,5038.28 7816.00,5052.00
             7816.05,5056.59 7815.63,5061.55 7816.76,5066.00
             7816.76,5066.00 7823.67,5087.00 7823.67,5087.00
             7823.67,5087.00 7824.21,5102.00 7824.21,5102.00
             7823.92,5108.21 7822.11,5112.80 7824.21,5119.00
             7826.31,5124.07 7829.49,5125.02 7831.01,5127.51
             7832.25,5129.55 7832.00,5132.67 7832.00,5135.00
             7832.00,5135.00 7832.53,5161.00 7832.53,5161.00
             7834.65,5170.42 7839.87,5177.27 7840.00,5188.00
             7840.05,5192.67 7839.57,5197.51 7841.11,5202.00
             7844.58,5212.13 7847.98,5209.43 7848.00,5223.00
             7848.00,5223.00 7848.00,5288.00 7848.00,5288.00
             7848.00,5288.00 7840.00,5288.00 7840.00,5288.00
             7840.00,5288.00 7838.98,5296.91 7838.98,5296.91
             7838.98,5296.91 7832.60,5305.01 7832.60,5305.01
             7832.60,5305.01 7832.00,5328.00 7832.00,5328.00
             7832.00,5328.00 7824.00,5328.00 7824.00,5328.00
             7824.00,5328.00 7824.00,5344.00 7824.00,5344.00
             7824.00,5344.00 7816.00,5344.00 7816.00,5344.00
             7816.00,5344.00 7816.00,5393.00 7816.00,5393.00
             7815.99,5395.66 7816.19,5398.56 7814.98,5401.00
             7813.32,5404.32 7809.94,5406.35 7808.60,5410.00
             7807.83,5412.08 7808.00,5415.72 7808.00,5418.00
             7807.98,5427.66 7804.37,5437.04 7800.94,5446.00
             7798.93,5451.24 7797.90,5454.99 7792.00,5456.00
             7792.00,5456.00 7792.00,5464.00 7792.00,5464.00
             7780.05,5464.05 7779.68,5468.93 7771.96,5477.00 Z" />
</svg>
