<?xml version="1.0" encoding="UTF-8" standalone="no"?>
<!DOCTYPE svg PUBLIC "-//W3C//DTD SVG 20010904//EN"
              "http://www.w3.org/TR/2001/REC-SVG-20010904/DTD/svg10.dtd">

<svg xmlns="http://www.w3.org/2000/svg"
     width="8.35002in" height="7.00001in"
     viewBox="0 0 2505 2100">
  <path id="Selection #2"
        fill="none" stroke="black" stroke-width="1"
        d="M 333.00,18.09
           C 333.00,18.09 351.00,18.09 351.00,18.09
             362.59,17.94 360.12,15.13 370.00,15.00
             370.00,15.00 376.00,15.00 376.00,15.00
             383.67,14.89 384.92,12.90 392.00,11.45
             403.79,9.04 406.37,9.14 418.00,9.00
             428.35,8.87 426.26,6.02 439.00,6.00
             439.00,6.00 466.00,6.00 466.00,6.00
             479.50,5.98 475.50,3.02 489.00,3.00
             489.00,3.00 528.00,3.00 528.00,3.00
             540.58,2.97 534.42,0.03 547.00,0.00
             547.00,0.00 797.00,0.00 797.00,0.00
             797.00,0.00 937.00,0.00 937.00,0.00
             945.30,0.11 944.37,1.94 950.00,2.89
             950.00,2.89 974.00,2.89 974.00,2.89
             983.29,2.83 979.24,0.02 991.00,0.00
             991.00,0.00 1260.00,0.00 1260.00,0.00
             1276.32,0.03 1283.15,4.84 1297.00,11.22
             1297.00,11.22 1327.00,24.95 1327.00,24.95
             1327.00,24.95 1343.00,35.98 1343.00,35.98
             1343.00,35.98 1352.87,40.85 1352.87,40.85
             1357.62,43.73 1359.90,48.36 1365.00,51.00
             1367.22,62.88 1372.28,68.66 1373.42,72.00
             1373.42,72.00 1374.29,78.00 1374.29,78.00
             1375.83,85.17 1377.00,79.59 1377.00,93.00
             1377.00,93.00 1380.00,93.00 1380.00,93.00
             1380.00,93.00 1383.00,114.00 1383.00,114.00
             1383.00,114.00 1386.00,114.00 1386.00,114.00
             1386.00,114.00 1386.00,123.00 1386.00,123.00
             1386.00,123.00 1390.40,124.60 1390.40,124.60
             1390.40,124.60 1392.53,130.00 1392.53,130.00
             1392.53,130.00 1397.65,144.00 1397.65,144.00
             1397.65,144.00 1405.62,159.00 1405.62,159.00
             1405.62,159.00 1412.24,177.00 1412.24,177.00
             1412.24,177.00 1414.36,190.00 1414.36,190.00
             1414.36,190.00 1421.16,203.00 1421.16,203.00
             1421.16,203.00 1423.36,213.00 1423.36,213.00
             1423.36,213.00 1427.09,221.00 1427.09,221.00
             1427.09,221.00 1428.89,227.00 1428.89,227.00
             1428.89,227.00 1431.52,233.00 1431.52,233.00
             1431.52,233.00 1434.30,249.00 1434.30,249.00
             1434.30,249.00 1436.46,255.00 1436.46,255.00
             1436.46,255.00 1437.39,263.00 1437.39,263.00
             1437.39,263.00 1440.66,275.00 1440.66,275.00
             1440.66,275.00 1445.25,298.00 1445.25,298.00
             1445.25,298.00 1448.72,307.00 1448.72,307.00
             1448.72,307.00 1451.82,325.00 1451.82,325.00
             1451.82,325.00 1452.33,333.00 1452.33,333.00
             1452.33,333.00 1454.39,340.00 1454.39,340.00
             1454.39,340.00 1455.32,347.00 1455.32,347.00
             1455.32,347.00 1458.00,363.00 1458.00,363.00
             1458.00,363.00 1458.00,453.00 1458.00,453.00
             1458.00,453.00 1461.00,472.00 1461.00,472.00
             1461.00,472.00 1461.00,496.00 1461.00,496.00
             1461.00,496.00 1464.00,514.00 1464.00,514.00
             1464.00,514.00 1464.00,544.00 1464.00,544.00
             1464.00,544.00 1467.00,567.00 1467.00,567.00
             1467.00,567.00 1467.00,602.00 1467.00,602.00
             1467.00,602.00 1470.00,624.00 1470.00,624.00
             1470.00,624.00 1470.00,646.00 1470.00,646.00
             1470.00,646.00 1473.00,671.00 1473.00,671.00
             1473.00,671.00 1473.00,706.00 1473.00,706.00
             1473.00,706.00 1476.16,729.00 1476.16,729.00
             1476.16,729.00 1476.16,743.00 1476.16,743.00
             1476.16,743.00 1479.00,758.00 1479.00,758.00
             1479.00,758.00 1479.00,786.00 1479.00,786.00
             1479.00,786.00 1482.00,786.00 1482.00,786.00
             1482.00,786.00 1482.00,826.00 1482.00,826.00
             1482.00,826.00 1485.00,846.00 1485.00,846.00
             1485.00,846.00 1485.00,877.00 1485.00,877.00
             1485.00,877.00 1488.00,898.00 1488.00,898.00
             1488.00,898.00 1488.00,937.00 1488.00,937.00
             1488.00,937.00 1491.00,960.00 1491.00,960.00
             1491.00,960.00 1491.00,1029.00 1491.00,1029.00
             1491.00,1029.00 1488.00,1029.00 1488.00,1029.00
             1488.00,1044.48 1482.03,1046.22 1482.00,1059.00
             1482.00,1059.00 1482.00,1111.00 1482.00,1111.00
             1482.00,1111.00 1479.04,1134.00 1479.04,1134.00
             1478.84,1140.75 1480.67,1141.55 1481.61,1146.00
             1481.61,1146.00 1482.30,1155.00 1482.30,1155.00
             1482.75,1157.18 1483.78,1158.94 1484.56,1161.00
             1490.68,1177.13 1487.41,1169.91 1495.69,1185.00
             1495.69,1185.00 1506.55,1206.00 1506.55,1206.00
             1511.81,1214.19 1519.93,1219.87 1521.00,1230.00
             1527.79,1232.53 1531.61,1241.89 1536.14,1246.98
             1538.46,1249.59 1550.97,1258.93 1554.00,1259.85
             1554.00,1259.85 1567.00,1259.85 1567.00,1259.85
             1576.01,1260.17 1572.81,1262.93 1583.00,1263.00
             1592.80,1263.07 1589.38,1263.21 1598.00,1265.39
             1598.00,1265.39 1605.00,1266.39 1605.00,1266.39
             1605.00,1266.39 1611.00,1268.37 1611.00,1268.37
             1611.00,1268.37 1620.00,1269.54 1620.00,1269.54
             1620.00,1269.54 1626.00,1271.94 1626.00,1271.94
             1626.00,1271.94 1635.00,1271.94 1635.00,1271.94
             1635.00,1271.94 1647.00,1274.70 1647.00,1274.70
             1647.00,1274.70 1655.00,1275.30 1655.00,1275.30
             1655.00,1275.30 1662.00,1277.70 1662.00,1277.70
             1662.00,1277.70 1671.00,1278.54 1671.00,1278.54
             1671.00,1278.54 1687.00,1283.61 1687.00,1283.61
             1687.00,1283.61 1697.00,1284.30 1697.00,1284.30
             1700.68,1285.08 1701.40,1286.77 1708.00,1288.20
             1718.51,1290.47 1723.91,1289.65 1727.00,1290.30
             1727.00,1290.30 1735.00,1293.16 1735.00,1293.16
             1735.00,1293.16 1759.00,1298.91 1759.00,1298.91
             1759.00,1298.91 1767.00,1298.91 1767.00,1298.91
             1767.00,1298.91 1767.00,1302.00 1767.00,1302.00
             1777.79,1302.00 1782.41,1302.24 1793.00,1305.21
             1793.00,1305.21 1800.00,1307.70 1800.00,1307.70
             1800.00,1307.70 1811.00,1308.21 1811.00,1308.21
             1817.76,1309.23 1814.61,1310.98 1826.00,1311.00
             1826.00,1311.00 1847.00,1311.00 1847.00,1311.00
             1857.09,1311.14 1853.94,1313.98 1867.00,1314.00
             1867.00,1314.00 1885.00,1314.00 1885.00,1314.00
             1894.29,1314.17 1890.24,1316.98 1902.00,1317.00
             1902.00,1317.00 1925.00,1317.00 1925.00,1317.00
             1925.00,1317.00 1953.00,1320.00 1953.00,1320.00
             1953.00,1320.00 1988.00,1320.00 1988.00,1320.00
             2000.58,1320.03 1994.42,1322.97 2007.00,1323.00
             2007.00,1323.00 2045.00,1323.00 2045.00,1323.00
             2057.58,1323.03 2051.42,1325.97 2064.00,1326.00
             2064.00,1326.00 2103.00,1326.00 2103.00,1326.00
             2115.74,1326.02 2113.65,1328.87 2124.00,1329.00
             2124.00,1329.00 2151.00,1329.00 2151.00,1329.00
             2160.59,1329.01 2158.07,1329.79 2166.00,1331.48
             2166.00,1331.48 2174.00,1332.46 2174.00,1332.46
             2174.00,1332.46 2183.00,1334.54 2183.00,1334.54
             2183.00,1334.54 2193.00,1335.54 2193.00,1335.54
             2193.00,1335.54 2199.00,1337.87 2199.00,1337.87
             2199.00,1337.87 2208.00,1339.75 2208.00,1339.75
             2208.00,1339.75 2220.00,1343.48 2220.00,1343.48
             2220.00,1343.48 2235.00,1345.78 2235.00,1345.78
             2235.00,1345.78 2243.00,1349.04 2243.00,1349.04
             2243.00,1349.04 2259.00,1353.00 2259.00,1353.00
             2261.77,1358.24 2269.70,1361.05 2275.00,1364.72
             2275.00,1364.72 2299.00,1380.63 2299.00,1380.63
             2299.00,1380.63 2310.00,1388.95 2310.00,1388.95
             2316.31,1393.24 2316.84,1396.44 2325.00,1398.00
             2325.00,1398.00 2325.00,1401.00 2325.00,1401.00
             2330.77,1401.86 2335.96,1403.78 2337.00,1410.00
             2345.84,1411.32 2348.05,1415.74 2355.00,1419.00
             2355.92,1423.81 2356.55,1425.65 2361.00,1428.00
             2363.22,1439.85 2367.11,1441.42 2373.21,1450.00
             2373.21,1450.00 2380.20,1461.00 2380.20,1461.00
             2382.24,1463.50 2392.66,1476.98 2393.40,1479.00
             2394.08,1480.85 2393.97,1483.06 2394.00,1485.00
             2403.14,1488.07 2402.17,1496.60 2404.35,1502.00
             2408.03,1511.13 2413.77,1515.38 2415.00,1527.00
             2415.00,1527.00 2418.00,1527.00 2418.00,1527.00
             2418.00,1527.00 2418.00,1536.00 2418.00,1536.00
             2418.00,1536.00 2421.00,1536.00 2421.00,1536.00
             2421.00,1536.00 2427.00,1560.00 2427.00,1560.00
             2427.00,1560.00 2430.00,1560.00 2430.00,1560.00
             2430.00,1563.11 2430.34,1567.19 2428.98,1570.00
             2427.78,1572.50 2425.64,1574.12 2424.60,1577.00
             2424.60,1577.00 2423.42,1584.00 2423.42,1584.00
             2423.42,1584.00 2419.45,1591.00 2419.45,1591.00
             2419.45,1591.00 2416.21,1600.00 2416.21,1600.00
             2416.21,1600.00 2409.88,1612.00 2409.88,1612.00
             2409.88,1612.00 2405.76,1626.00 2405.76,1626.00
             2405.76,1626.00 2400.65,1637.00 2400.65,1637.00
             2400.65,1637.00 2396.54,1644.00 2396.54,1644.00
             2396.54,1644.00 2392.01,1656.00 2392.01,1656.00
             2392.01,1656.00 2385.88,1667.00 2385.88,1667.00
             2385.88,1667.00 2381.91,1680.00 2381.91,1680.00
             2378.75,1687.69 2375.47,1687.99 2371.58,1700.00
             2367.07,1713.92 2363.87,1712.13 2359.36,1720.00
             2354.56,1728.39 2355.11,1741.04 2343.00,1743.00
             2341.32,1748.10 2339.39,1747.64 2335.00,1749.81
             2335.00,1749.81 2316.00,1759.00 2316.00,1759.00
             2316.00,1759.00 2297.00,1766.70 2297.00,1766.70
             2297.00,1766.70 2289.00,1767.89 2289.00,1767.89
             2289.00,1767.89 2273.00,1772.48 2273.00,1772.48
             2273.00,1772.48 2266.00,1773.32 2266.00,1773.32
             2266.00,1773.32 2246.00,1777.93 2246.00,1777.93
             2241.58,1779.34 2240.69,1780.72 2237.00,1782.46
             2237.00,1782.46 2214.00,1790.81 2214.00,1790.81
             2212.03,1791.03 2210.00,1790.98 2208.00,1790.81
             2208.00,1790.81 2208.00,1794.00 2208.00,1794.00
             2195.59,1795.92 2197.59,1799.05 2193.70,1802.12
             2193.70,1802.12 2185.00,1807.31 2185.00,1807.31
             2185.00,1807.31 2178.00,1812.70 2178.00,1812.70
             2174.14,1815.54 2172.53,1814.89 2169.00,1817.01
             2165.65,1819.02 2163.40,1822.11 2160.00,1823.41
             2157.61,1824.31 2155.50,1823.74 2152.00,1825.45
             2152.00,1825.45 2145.00,1830.05 2145.00,1830.05
             2141.39,1832.25 2131.23,1835.55 2127.00,1836.00
             2127.00,1836.00 2127.00,1839.00 2127.00,1839.00
             2112.74,1839.49 2111.20,1853.78 2094.00,1854.00
             2092.19,1858.84 2089.02,1858.82 2085.00,1861.52
             2085.00,1861.52 2080.00,1865.13 2080.00,1865.13
             2080.00,1865.13 2067.00,1873.53 2067.00,1873.53
             2067.00,1873.53 2060.00,1878.64 2060.00,1878.64
             2060.00,1878.64 2051.00,1882.41 2051.00,1882.41
             2045.21,1885.62 2044.24,1888.89 2037.00,1890.00
             2035.31,1894.95 2034.02,1893.54 2030.26,1896.07
             2030.26,1896.07 2025.74,1900.01 2025.74,1900.01
             2025.74,1900.01 2017.00,1903.70 2017.00,1903.70
             2017.00,1903.70 2000.00,1914.64 2000.00,1914.64
             2000.00,1914.64 1989.00,1918.79 1989.00,1918.79
             1989.00,1918.79 1972.00,1928.06 1972.00,1928.06
             1972.00,1928.06 1962.00,1931.93 1962.00,1931.93
             1957.81,1933.85 1956.81,1935.58 1954.00,1936.99
             1954.00,1936.99 1947.00,1939.30 1947.00,1939.30
             1947.00,1939.30 1933.00,1946.12 1933.00,1946.12
             1933.00,1946.12 1927.00,1947.88 1927.00,1947.88
             1927.00,1947.88 1917.00,1952.76 1917.00,1952.76
             1917.00,1952.76 1907.00,1956.09 1907.00,1956.09
             1907.00,1956.09 1899.00,1960.29 1899.00,1960.29
             1899.00,1960.29 1878.00,1967.24 1878.00,1967.24
             1878.00,1967.24 1870.00,1968.88 1870.00,1968.88
             1870.00,1968.88 1846.00,1979.37 1846.00,1979.37
             1842.27,1980.42 1839.02,1979.67 1836.00,1980.30
             1836.00,1980.30 1829.00,1982.74 1829.00,1982.74
             1829.00,1982.74 1812.00,1986.25 1812.00,1986.25
             1812.00,1986.25 1805.00,1988.92 1805.00,1988.92
             1805.00,1988.92 1795.00,1988.92 1795.00,1988.92
             1791.38,1989.63 1790.12,1991.06 1787.00,1991.70
             1787.00,1991.70 1776.00,1992.38 1776.00,1992.38
             1776.00,1992.38 1763.00,1995.54 1763.00,1995.54
             1763.00,1995.54 1756.00,1998.29 1756.00,1998.29
             1756.00,1998.29 1741.00,2000.97 1741.00,2000.97
             1741.00,2000.97 1732.00,2003.93 1732.00,2003.93
             1732.00,2003.93 1722.00,2003.93 1722.00,2003.93
             1722.00,2003.93 1722.00,2007.00 1722.00,2007.00
             1722.00,2007.00 1710.00,2007.00 1710.00,2007.00
             1710.00,2007.00 1710.00,2010.00 1710.00,2010.00
             1710.00,2010.00 1695.00,2013.00 1695.00,2013.00
             1695.00,2013.00 1695.00,2016.00 1695.00,2016.00
             1691.05,2016.30 1683.49,2019.04 1680.00,2020.99
             1680.00,2020.99 1675.00,2024.02 1675.00,2024.02
             1675.00,2024.02 1667.00,2025.95 1667.00,2025.95
             1667.00,2025.95 1651.00,2032.35 1651.00,2032.35
             1651.00,2032.35 1631.00,2041.64 1631.00,2041.64
             1631.00,2041.64 1618.00,2045.05 1618.00,2045.05
             1618.00,2045.05 1603.00,2051.37 1603.00,2051.37
             1603.00,2051.37 1596.00,2052.63 1596.00,2052.63
             1596.00,2052.63 1590.00,2054.61 1590.00,2054.61
             1590.00,2054.61 1583.00,2055.54 1583.00,2055.54
             1583.00,2055.54 1576.00,2058.14 1576.00,2058.14
             1576.00,2058.14 1567.00,2059.63 1567.00,2059.63
             1559.53,2061.72 1559.28,2063.88 1550.00,2064.00
             1545.33,2064.05 1540.60,2063.69 1536.00,2064.67
             1526.50,2066.68 1523.67,2069.95 1513.00,2070.08
             1513.00,2070.08 1502.00,2070.08 1502.00,2070.08
             1502.00,2070.08 1481.00,2073.00 1481.00,2073.00
             1481.00,2073.00 1385.00,2073.00 1385.00,2073.00
             1371.35,2073.02 1377.65,2075.98 1364.00,2076.00
             1364.00,2076.00 1329.00,2076.00 1329.00,2076.00
             1329.00,2076.00 1300.00,2079.00 1300.00,2079.00
             1300.00,2079.00 1208.00,2079.00 1208.00,2079.00
             1197.22,2078.98 1200.35,2077.26 1194.00,2076.11
             1194.00,2076.11 1174.00,2076.11 1174.00,2076.11
             1161.05,2075.98 1167.20,2073.21 1151.00,2073.00
             1140.71,2072.86 1144.78,2070.02 1132.00,2069.92
             1132.00,2069.92 1118.00,2069.92 1118.00,2069.92
             1109.26,2068.98 1109.11,2067.02 1099.00,2067.00
             1099.00,2067.00 1073.00,2067.00 1073.00,2067.00
             1062.64,2066.98 1061.86,2065.48 1053.00,2064.29
             1053.00,2064.29 1040.00,2062.69 1040.00,2062.69
             1034.62,2061.69 1035.27,2061.08 1029.00,2060.90
             1029.00,2060.90 1021.00,2060.90 1021.00,2060.90
             1021.00,2060.90 1014.00,2058.63 1014.00,2058.63
             1014.00,2058.63 1007.00,2057.62 1007.00,2057.62
             1007.00,2057.62 1000.00,2055.53 1000.00,2055.53
             1000.00,2055.53 990.00,2054.68 990.00,2054.68
             990.00,2054.68 980.00,2052.18 980.00,2052.18
             980.00,2052.18 969.00,2051.68 969.00,2051.68
             969.00,2051.68 961.00,2049.52 961.00,2049.52
             961.00,2049.52 951.00,2048.70 951.00,2048.70
             941.77,2047.34 947.12,2046.00 933.00,2046.00
             933.00,2046.00 933.00,2043.00 933.00,2043.00
             933.00,2043.00 921.00,2043.00 921.00,2043.00
             921.00,2043.00 921.00,2040.00 921.00,2040.00
             899.44,2040.00 911.27,2037.24 893.00,2037.00
             884.00,2036.88 884.22,2034.48 877.00,2031.96
             873.11,2030.61 871.24,2031.38 868.00,2030.46
             868.00,2030.46 862.00,2028.30 862.00,2028.30
             862.00,2028.30 854.00,2027.70 854.00,2027.70
             854.00,2027.70 846.00,2024.86 846.00,2024.86
             846.00,2024.86 828.00,2021.62 828.00,2021.62
             828.00,2021.62 821.00,2019.39 821.00,2019.39
             821.00,2019.39 811.00,2018.39 811.00,2018.39
             811.00,2018.39 798.00,2014.91 798.00,2014.91
             798.00,2014.91 787.00,2010.78 787.00,2010.78
             787.00,2010.78 779.00,2009.71 779.00,2009.71
             779.00,2009.71 773.00,2007.50 773.00,2007.50
             773.00,2007.50 760.00,2004.51 760.00,2004.51
             760.00,2004.51 746.00,2003.70 746.00,2003.70
             737.61,2002.50 730.20,1998.96 727.00,1998.30
             727.00,1998.30 717.00,1997.68 717.00,1997.68
             717.00,1997.68 699.00,1992.63 699.00,1992.63
             699.00,1992.63 692.00,1991.62 692.00,1991.62
             682.44,1989.68 686.83,1989.06 675.00,1989.00
             663.15,1988.94 666.11,1986.02 653.00,1986.00
             653.00,1986.00 270.00,1986.00 270.00,1986.00
             270.00,1986.00 201.00,1986.00 201.00,1986.00
             188.42,1986.03 194.58,1988.97 182.00,1989.00
             182.00,1989.00 166.00,1989.00 166.00,1989.00
             156.71,1989.17 160.76,1991.98 149.00,1992.00
             149.00,1992.00 106.00,1992.00 106.00,1992.00
             95.69,1991.98 99.41,1990.51 93.96,1989.30
             90.69,1988.57 87.81,1989.61 84.00,1988.08
             79.21,1986.15 79.55,1984.42 72.00,1983.00
             68.17,1976.62 59.39,1975.12 57.00,1968.00
             57.00,1968.00 51.00,1968.00 51.00,1968.00
             51.00,1968.00 51.00,1962.00 51.00,1962.00
             44.63,1960.07 41.51,1953.92 37.61,1949.00
             33.79,1944.18 26.55,1937.86 24.56,1932.00
             24.56,1932.00 23.46,1927.00 23.46,1927.00
             21.88,1921.73 21.23,1923.91 21.00,1917.00
             21.00,1917.00 18.00,1917.00 18.00,1917.00
             18.00,1917.00 15.21,1907.00 15.21,1907.00
             14.71,1903.69 15.39,1900.26 14.46,1897.00
             14.46,1897.00 9.95,1886.00 9.95,1886.00
             9.95,1886.00 8.09,1878.00 8.09,1878.00
             4.60,1869.19 3.05,1868.29 3.00,1858.00
             3.00,1858.00 3.00,1837.00 3.00,1837.00
             3.00,1837.00 0.00,1814.00 0.00,1814.00
             0.00,1814.00 0.00,1476.00 0.00,1476.00
             0.02,1464.86 1.44,1468.11 2.67,1461.00
             2.67,1461.00 3.18,1449.00 3.18,1449.00
             3.18,1449.00 6.20,1435.00 6.20,1435.00
             7.47,1427.76 8.98,1431.34 9.00,1420.00
             9.00,1420.00 9.00,1382.00 9.00,1382.00
             9.00,1382.00 12.00,1356.00 12.00,1356.00
             12.00,1356.00 12.00,1319.00 12.00,1319.00
             12.00,1319.00 15.00,1293.00 15.00,1293.00
             15.00,1293.00 15.00,1255.00 15.00,1255.00
             15.02,1241.06 17.98,1246.91 18.00,1234.00
             18.00,1234.00 18.00,1200.00 18.00,1200.00
             18.02,1186.59 20.98,1191.94 21.00,1178.00
             21.00,1178.00 21.00,1135.00 21.00,1135.00
             21.02,1121.35 23.98,1127.65 24.00,1114.00
             24.00,1114.00 24.00,1024.00 24.00,1024.00
             24.02,1010.35 26.98,1016.65 27.00,1003.00
             27.00,1003.00 27.00,945.00 27.00,945.00
             27.02,931.90 29.98,933.58 30.00,921.00
             30.00,921.00 30.00,880.00 30.00,880.00
             30.02,866.35 32.98,872.65 33.00,859.00
             33.00,859.00 33.00,821.00 33.00,821.00
             33.00,821.00 36.00,796.00 36.00,796.00
             36.00,796.00 36.00,763.00 36.00,763.00
             36.02,749.35 38.98,755.65 39.00,742.00
             39.00,742.00 39.00,735.00 39.00,735.00
             39.00,735.00 45.00,694.00 45.00,694.00
             45.00,694.00 45.00,666.00 45.00,666.00
             45.02,653.42 47.98,655.10 48.00,642.00
             48.00,642.00 48.00,472.00 48.00,472.00
             47.91,464.73 46.23,461.48 45.30,455.00
             44.74,451.11 45.33,449.25 44.24,445.00
             44.24,445.00 39.76,432.00 39.76,432.00
             39.76,432.00 36.30,415.00 36.30,415.00
             36.30,415.00 35.61,409.00 35.61,409.00
             35.61,409.00 30.76,396.00 30.76,396.00
             30.76,396.00 29.61,385.00 29.61,385.00
             29.61,385.00 27.39,378.00 27.39,378.00
             27.39,378.00 26.46,370.00 26.46,370.00
             26.46,370.00 24.30,364.00 24.30,364.00
             24.30,364.00 23.70,356.00 23.70,356.00
             23.70,356.00 21.54,350.00 21.54,350.00
             21.54,350.00 18.85,337.00 18.85,337.00
             16.88,330.03 15.11,329.80 15.00,322.00
             14.85,310.37 14.66,315.04 12.52,305.00
             12.52,305.00 11.61,298.00 11.61,298.00
             11.61,298.00 9.39,291.00 9.39,291.00
             9.39,291.00 8.79,284.00 8.79,284.00
             8.79,284.00 6.10,275.00 6.10,275.00
             6.10,275.00 6.10,261.00 6.10,261.00
             5.95,249.61 3.12,249.71 3.00,240.00
             3.00,240.00 3.00,214.00 3.00,214.00
             3.01,205.88 6.28,197.13 8.11,189.00
             8.11,189.00 10.35,175.00 10.35,175.00
             10.35,175.00 14.37,165.00 14.37,165.00
             14.37,165.00 15.96,157.00 15.96,157.00
             19.96,145.56 30.48,136.57 33.00,126.00
             33.00,126.00 36.00,126.00 36.00,126.00
             37.18,114.82 43.51,113.22 49.05,105.00
             52.71,99.58 53.25,94.13 60.00,93.00
             61.93,87.14 66.97,86.87 72.00,82.81
             76.08,79.52 94.44,68.46 99.00,66.48
             99.00,66.48 119.00,59.00 119.00,59.00
             124.83,56.97 124.84,56.09 129.00,54.27
             129.00,54.27 140.00,51.47 140.00,51.47
             140.00,51.47 149.00,47.86 149.00,47.86
             149.00,47.86 163.00,45.18 163.00,45.18
             166.89,44.72 168.62,45.35 173.00,44.24
             173.00,44.24 189.00,39.46 189.00,39.46
             189.00,39.46 202.00,38.79 202.00,38.79
             207.63,37.94 206.70,36.11 215.00,36.00
             229.02,35.82 222.06,35.55 233.00,33.38
             233.00,33.38 244.00,32.54 244.00,32.54
             244.00,32.54 266.00,27.61 266.00,27.61
             266.00,27.61 279.00,26.83 279.00,26.83
             279.00,26.83 293.00,24.08 293.00,24.08
             293.00,24.08 312.00,24.08 312.00,24.08
             312.00,24.08 312.00,21.00 312.00,21.00
             322.63,20.97 324.65,19.06 333.00,18.09 Z" />
</svg>
